OBS:   57983.003  i  -1   1.0323e+04   5.1424e+01  12800   0.960  30.368 2.616 55.5 14.4 1.02 550.51 1791.56  20170817  668439   36   10331171  
OBS:   57983.004  z  -1   9.4199e+03   6.7293e+01  12800   0.970  30.112 2.265 72.6 16.8 0.99 540.56 1780.11  20170817  668440   36   8524874  
OBS:   57983.974  Y  -1   1.1016e+04   9.0190e+01  12288   0.980  29.780 2.174 75.2 21.4 1.01 566.99 1780.10  20170818  668959   36   10338308  
OBS:   57983.975  z  -1   9.2664e+03   4.4539e+01  12288   0.980  30.920 2.176 95.1 35.2 0.99 560.82 1775.23  20170818  668960   36   8801435  
OBS:   57983.975  i  -1   7.6639e+03   3.1415e+01  12800   0.970  31.160 2.042 80.0 29.6 1.02 572.49 1793.35  20170818  668961   36   10275436  
OBS:   57983.976  r  -1   6.9327e+03   2.7982e+01  12800   0.980  31.168 2.244 61.2 21.3 1.00 560.37 1789.48  20170818  668962   36   8067789  
OBS:   57983.977  g  -1   3.7334e+03   2.2688e+01  12288   0.980  30.927 2.300 41.9 21.1 0.98 563.47 1801.45  20170818  668963   36   8067056  
OBS:   57983.977  u  -1   1.8150e+03   6.9393e+01  12288   0.960  29.454 2.484 22.3 10.4 0.97 570.85 1792.91  20170818  668964   36   9673634  
OBS:   57984.975  Y  -1   7.3186e+03   1.0210e+02  12800   0.920  29.763 2.317 84.8 21.3 1.01 559.26 1790.73  20170819  669364   36   10337768  
OBS:   57984.976  i  -1   4.3775e+03   4.2705e+01  12800   0.947  30.393 2.227 63.2 14.6 1.02 551.90 1784.78  20170819  669366   36   8669275  
OBS:   57984.977  r  -1   2.8810e+03   3.0334e+01  12800   0.980  30.402 2.117 45.7 10.5 1.00 562.40 1801.33  20170819  669367   36   10332251  
OBS:   57984.978  g  -1   8.1268e+02   2.0683e+01  12800   0.940  30.909 2.417 41.6 20.6 0.98 550.44 1814.72  20170819  669368   36   10335220  
OBS:   57984.979  u  -1   2.4697e+02   5.8631e+01  12288   0.600  30.259 2.697 26.1 20.4 0.97 562.60 1805.01  20170819  669369   36   9701942  
OBS:   57985.975  Y  -1   5.5132e+03   9.1180e+01  12800   0.890  30.478 3.003 118.4 41.4 1.01 551.36 1796.92  20170820  669848   36   10338745  
OBS:   57985.976  z  -1   3.7550e+03   5.4833e+01  12800   0.950  30.858 2.915 104.8 32.7 0.99 549.78 1781.87  20170820  669849   36   10412261  
OBS:   57985.977  i  -1   2.8188e+03   3.8682e+01  12800   0.835  31.117 3.159 84.2 28.7 1.02 555.82 1785.65  20170820  669850   36   8634307  
OBS:   57985.977  r  -1   1.5496e+03   3.0293e+01  12800   0.887  31.125 3.425 62.0 20.4 1.00 540.34 1798.30  20170820  669851   36   10334817  
OBS:   57985.978  g  -1   3.3766e+02   1.2286e+01  12800   0.855  32.827 3.721 96.6 122.6 0.98 543.01 1803.55  20170820  669852   36   10331399  
OBS:   57985.980  u  -1   1.1630e+02   4.6792e+01    1   -9  30.992 4.112 36.0 40.2 0.97 552.44 1814.73  20170820  669853   36   0  
OBS:   57986.975  Y  -1   4.2109e+03   5.4803e+01  12800   0.930  30.955 2.048 151.9 62.6 1.01 561.98 1790.30  20170821  670205   36   10336200  
OBS:   57986.980  i  -1   2.0259e+03   1.4867e+01  512   -9  32.327 2.086 142.2 85.8 1.02 558.50 1784.75  20170821  670207   36   0  
OBS:   57986.982  r  -1   8.8482e+02   8.5248e+00  12800   0.890  33.078 2.403 145.8 123.1 1.00 547.38 1784.39  20170821  670208   36   8485447  
OBS:   57986.987  g  -1   1.8045e+02   6.5068e+00  12288   0.870  33.566 2.566 123.0 240.8 0.98 542.80 1800.33  20170821  670210   36   10338517  
OBS:   57987.975  Y  -1   3.1008e+03   4.2955e+02  12288   0.891  28.811 2.325 173.7 8.8 1.01 560.47 1802.59  20170822  670753   36   10337420  
OBS:   57987.977  z  -1   2.1213e+03   1.7510e+02  12288   0.960  29.770 2.084 191.8 12.0 0.99 559.20 1804.14  20170822  670754   36   10421732  
OBS:   57987.979  i  -1   1.4578e+03   2.4776e+02  4096   0.160  28.967 2.232 127.1 3.9 1.02 571.14 1803.99  20170822  670755   36   10336096  
OBS:   57987.982  r  -1   7.0004e+02   1.1160e+02  12288   0.635  29.867 2.358 111.5 6.4 1.00 558.76 1812.68  20170822  670756   36   10332554  
OBS:   57987.987  g  -1   1.0593e+02   8.7575e+01    1   -9  30.032 2.354 90.0 9.2 0.98 562.53 1831.79  20170822  670758   36   0  
OBS:   57988.983  r  -1   5.5132e+02   1.8611e+02    1   -9  29.645 2.114 162.1 5.3 1.00 561.87 1796.44  20170823  671183   36   0  
OBS:   57989.970  Y  -1   1.4656e+03   4.0083e+01  12800   0.915  32.493 2.726 313.0 259.6 1.01 566.58 1790.41  20170824  671481   36   9719163  
OBS:   57989.979  z  -1   1.0277e+03   3.0363e+01  12800   0.925  32.127 2.782 190.2 106.8 0.99 574.70 1795.01  20170824  671485   36   9426673  
OBS:   57989.982  i  -1   5.8529e+02   1.7385e+01  512   -9  32.341 2.568 143.7 89.2 1.02 574.10 1787.37  20170824  671486   36   0  
OBS:   57989.984  r  -1   1.7729e+02   1.0988e+01  512   -9  33.519 -2.575 149.6 115.5 -2.33 572.69 1804.69  20170824  671487   36   0  
OBS:   57989.991  g  -1   4.9046e+01   7.0910e+00  4096   0.063  33.987 2.916 159.6 355.1 0.98 579.38 1822.84  20170824  671490   36   10332046  
OBS:   57990.006  u  -1   9.6805e+01   7.4175e+01    1   -9  30.811 3.036 35.4 39.6 0.97 574.62 1829.24  20170824  671496   36   0  
OBS:   57990.967  Y  -1   8.2267e+02   4.0218e+01  12800   0.850  32.936 2.906 433.6 395.9 1.01 554.29 1768.49  20170825  671854   36   10341056  
OBS:   57990.982  z  -1   6.0822e+02   2.7236e+01  12800   0.845  32.889 2.984 310.7 219.3 0.99 542.55 1777.25  20170825  671860   36   10336384  
OBS:   57990.991  r  -1   1.3273e+02   1.6304e+01  12800   0.710  34.232 3.371 688.5 359.0 1.00 558.13 1776.43  20170825  671864   36   10333820  
OBS:   57991.968  Y  -1   4.4859e+02   3.4202e+01  4608   0.040  32.929 2.515 395.2 391.6 1.01 555.81 1772.54  20170826  672247   36   9820314  
OBS:   57991.983  z  -1   3.2995e+02   1.5860e+01  12800   0.890  34.053 2.808 478.3 641.8 0.99 573.48 1783.46  20170826  672253   36   10336697  
OBS:   57991.992  i  -1   1.8898e+02   1.0926e+01  4608   0.145  34.443 2.766 381.0 627.5 1.02 567.92 1790.05  20170826  672257   36   9147274  
OBS:   57992.969  Y  -1   2.3185e+02   2.6070e+01  12288   0.664  32.907 1.910 430.5 382.1 1.01 561.55 1770.91  20170827  672600   36   10339626  
OBS:   57992.983  z  -1   2.0331e+02   1.5115e+01  4608   0.080  33.604 2.000 448.1 414.0 0.99 560.26 1804.58  20170827  672606   36   9471296  
OBS:   57993.968  Y  -1   1.1444e+02   3.7738e+01  512   -9  32.865 2.530 428.1 361.5 1.01 558.94 1796.27  20170828  672965   36   0  
OBS:   57993.983  z  -1   7.3583e+01   2.0178e+01  4608   0.020  33.544 2.798 378.4 402.4 0.99 567.64 1799.42  20170828  672971   36   10419206  
OBS:   57993.992  i  -1   9.1580e+01   1.3284e+01  512   -9  34.405 3.028 429.7 605.2 1.02 574.27 1801.64  20170828  672975   36   0  
OBS:   57994.990  z  -1   1.5738e+02   2.8350e+01  512   -9  33.883 3.622 550.2 517.5 0.99 551.08 1750.78  20170829  673286   36   0  
OBS:   57995.991  z  -1   7.0310e+00   1.8622e+01  513   -9  34.035 2.702 485.6 741.4 0.99 567.34 1784.96  20170830  673587   36   0  
